500
660 459 885991
596 322 731630
4 190 226346
201 228 325025
153 418 283254
141 722 462244
999 1000 999993
84 896 364437
7 158 614475
773 99 768415
813 8 873517
634 595 465257
875 230 86274
161 790 104540
703 493 280820
364 144 949709
342 438 467322
196 449 977099
787 412 534183
180 463 477017
998 7 116742
44 109 617351
378 456 280316
611 547 65438
218 332 289772
218 319 964674
30 13 566738
886 938 589739
999 1000 999994
757 471 527607
502 935 586783
116 129 227353
692 746 733412
24 755 101453
55 91 525829
730 757 455512
472 670 733087
303 53 285683
830 20 418185
688 899 306967
494 15 973569
30 473 850558
111 375 185139
873 689 168177
922 981 865646
578 976 521197
898 304 453953
359 875 698514
119 309 110413
446 408 935086
48 923 478796
596 95 741422
161 534 277441
471 937 217638
586 515 232393
874 17 273970
858 653 28977
904 121 826365
338 199 442617
92 488 978809
942 105 44928
424 769 256927
56 847 408401
555 254 386152
958 328 428326
255 662 679124
551 955 234059
330 236 566010
649 160 604805
756 841 301281
237 517 763707
698 580 60814
190 663 451117
194 56 356589
535 242 307923
847 285 708996
75 411 770176
374 779 35613
994 166 541359
369 683 996507
473 971 623694
827 7 597968
891 125 889450
916 556 377198
999 1000 999995
486 238 953483
920 418 842359
728 508 749682
138 500 957187
66 461 272463
300 851 1577
106 42 260145
995 867 788669
237 325 226342
735 747 425756
433 121 214243
625 909 808605
889 626 553218
12 183 330569
609 672 536256
242 834 90833
573 63 493318
81 265 558974
964 802 867415
975 286 823933
809 448 702490
315 489 543187
644 334 755626
605 177 322535
333 423 29244
384 663 662678
186 376 177607
765 552 39460
827 96 244746
330 306 701409
939 47 154041
84 754 160984
816 181 1592
947 460 559871
213 541 926205
668 483 508643
135 594 911912
339 739 971362
438 746 530621
897 245 467910
406 785 708341
587 410 412448
502 265 6736
245 578 939202
607 688 428623
878 22 403121
96 921 559064
661 251 766281
904 382 229922
355 521 980298
717 813 118363
113 452 642683
36 634 689935
373 74 349333
968 941 135667
632 550 191011
320 748 663466
538 531 555471
291 915 267119
506 868 77087
86 834 234730
463 442 164553
81 614 991191
660 102 732212
341 84 689820
155 89 982432
754 787 619323
135 593 729967
463 464 965041
31 318 998565
986 127 804956
193 237 408365
290 647 358187
277 996 298925
898 534 210361
755 806 660452
472 198 855147
438 872 432017
862 991 978172
697 355 288343
287 239 261374
738 156 516375
573 710 589635
253 810 682182
417 445 964676
708 647 30680
676 56 287032
660 722 899276
117 443 322039
618 587 337377
475 875 833961
56 279 305872
861 69 81690
2 126 213682
910 227 424345
316 562 773484
22 885 657872
112 370 558162
390 302 564436
147 975 285633
787 96 276024
105 357 812464
30 329 714559
810 157 859897
793 559 449064
155 281 393091
142 232 354998
705 913 267307
932 198 538679
363 749 6715
435 275 521932
758 243 233059
177 760 190337
758 426 342518
228 203 904518
426 695 33631
579 865 559311
704 399 273397
471 553 499552
578 965 349387
126 347 932804
328 334 978956
218 216 900671
391 834 443726
255 730 681937
809 797 633677
379 166 605509
654 653 285034
738 599 234066
539 981 890333
545 758 577025
393 851 223800
689 897 836959
600 310 828653
464 649 740916
596 772 380754
44 319 868308
887 425 627859
833 976 350605
265 139 137639
516 271 797026
941 285 870055
423 476 765542
869 90 24923
343 459 767091
559 203 714422
299 926 840989
512 523 166077
831 495 659898
897 978 918802
441 615 980907
657 704 62247
594 684 111288
826 588 365848
313 746 34704
640 428 292409
524 127 776240
134 47 55801
519 861 303613
658 512 883781
217 163 363644
539 988 655066
491 444 859025
712 599 207940
139 891 483022
244 947 774108
570 229 515901
480 162 451265
714 809 887568
521 973 775132
259 533 495064
754 37 261169
206 226 569612
844 265 81259
819 754 205124
205 456 469745
471 927 128765
438 744 273167
785 359 788870
312 862 938952
334 549 294035
136 345 885297
290 347 553162
249 746 708912
922 758 19100
354 853 466846
471 425 493829
545 573 803833
76 958 496678
72 316 798470
746 898 437665
158 657 31726
571 663 69925
64 70 687096
885 263 993916
560 442 286678
488 22 443307
845 955 763723
11 599 286537
773 559 401676
395 292 162411
255 84 533590
788 287 236334
341 614 551696
532 645 941709
361 88 150633
229 581 185877
558 821 992716
867 676 489638
769 920 42914
766 596 524139
937 897 587304
97 629 114245
724 379 479201
875 467 122764
858 211 273054
125 562 38462
767 178 401125
20 830 380500
700 702 312526
632 535 120483
103 428 265181
165 940 543823
140 458 649252
296 733 294382
218 828 969847
302 39 411867
545 524 354789
473 315 323992
364 871 593708
531 671 685929
939 812 709853
527 416 734021
907 767 214369
709 7 101063
576 654 767708
710 570 81742
931 2 134168
416 350 129153
568 745 938412
682 299 219374
618 987 661278
707 119 904083
419 659 971101
47 718 918429
509 808 922683
131 545 279009
141 443 196194
603 399 866520
306 66 907709
136 152 952719
1000 999 999996
62 320 8503
324 360 237348
654 803 6401
435 666 202126
737 460 832333
722 173 797287
398 908 698892
588 838 229361
140 176 348404
143 149 610958
563 971 961331
522 920 703508
471 213 954199
140 948 208918
621 843 3980
629 165 518309
34 352 845518
74 407 543169
753 299 685688
796 173 194562
989 538 301485
361 49 386651
758 791 472446
174 100 561392
960 417 123573
795 744 521061
914 836 697345
833 563 998771
372 493 582265
129 869 335006
916 736 775709
886 36 213985
393 627 673738
749 167 116237
319 687 128022
795 186 73735
389 245 626252
143 169 923305
445 695 588857
528 991 807402
763 632 124255
841 791 77681
849 645 976617
986 195 96503
666 564 398895
538 405 829604
44 29 5660
51 468 98220
722 32 634925
230 320 971858
465 55 278299
880 664 104205
706 756 639867
524 899 394881
849 860 621285
698 21 214608
1000 999 999997
199 915 193737
696 909 431836
822 146 581073
64 684 650537
710 788 957808
534 4 875471
21 955 125654
494 383 241269
708 594 685496
39 873 295998
820 768 494844
364 406 236994
969 496 876172
868 71 363314
589 975 902537
158 856 877338
567 20 107774
55 220 980810
876 406 215088
168 268 418143
765 297 773875
114 484 19367
547 266 117240
301 192 303003
688 372 857309
929 623 787721
614 930 92069
371 462 681801
21 872 939664
364 654 590575
640 372 400797
165 121 12666
1000 999 999998
798 482 689931
612 80 699772
696 661 151865
672 405 357524
320 70 819459
381 672 75473
2 3 1000000
448 927 112387
919 328 810954
959 550 850839
391 113 71496
536 754 407008
705 788 758125
611 934 412005
291 641 678364
746 837 731444
229 376 372247
655 399 308358
721 437 823126
406 168 814100
352 441 341981
900 647 103625
219 874 788945
351 347 97745
368 860 404306
174 532 199194
671 249 332950
147 992 895313
765 422 540372
31 419 745160
160 480 914503
278 796 968877
923 893 759925
324 405 23157
435 30 547088
23 226 272945
218 589 632979
942 469 16585
346 411 292528
66 376 949328
605 100 58201
811 283 139487
581 918 458844
797 88 812317
383 54 822076
283 325 152966
284 396 55661
491 696 61587
729 106 865718
635 640 703793
382 104 500413
124 643 882261
1 1000 1000000
277 851 198712
309 965 409021
275 878 364239
695 7 474254
582 181 615077
375 862 807826
278 899 54755
670 27 477884
751 114 720743
758 79 343612
874 113 64061
927 862 850034
229 314 842667
761 481 920966
620 834 821480
322 673 648182
833 9 746750
761 690 645337
41 300 61814
435 854 573131
